muscle_tension:
  female:
    age_stats:
      max: 94
      mean: 41.148936170212764
      min: 13
      std: 14.61502952942267
    total: 141
  male:
    age_stats:
      max: 73
      mean: 41.27536231884058
      min: 20
      std: 14.099315855295346
    total: 69
organic:
  female:
    age_stats:
      max: 93
      mean: 49.04550379198267
      min: 12
      std: 15.52396820289054
    total: 923
  male:
    age_stats:
      max: 97
      mean: 54.244623655913976
      min: 14
      std: 15.341754112195346
    total: 744
