muscle_tension:
  female:
    age_stats:
      max: 70
      mean: 45.75
      min: 24
      std: 13.629978568929362
    total: 20
  male:
    age_stats:
      max: 70
      mean: 45.88235294117647
      min: 22
      std: 14.974488108701648
    total: 17
organic:
  female:
    age_stats:
      max: 70
      mean: 46.12903225806452
      min: 18
      std: 13.691218439773408
    total: 31
  male:
    age_stats:
      max: 70
      mean: 48.888888888888886
      min: 21
      std: 13.490253077854957
    total: 18
